[{"id": 0, "img_name": "0000", "width": 5760, "height": 3240, "position": [7.695487900523817e-15, 0.6300000000000002, 2.728204537786711], "rotation": [[1.0, 6.346609110996303e-16, -2.7483885359013635e-15], [-6.606027058688303e-32, -0.974358763495254, -0.2250000000000001], [-2.8207151604427997e-15, 0.2250000000000001, -0.9743587634952539]], "fy": 6045.922308261582, "fx": 6045.922308261582}, {"id": 1, "img_name": "0001", "width": 5760, "height": 3240, "position": [-0.7127538774751242, 3.7218045112781954, 1.2806846176844042], "rotation": [[0.8737913685696029, -0.45247929631892697, 0.17818846936878108], [-1.585330313789743e-17, -0.36641601867185, -0.9304511278195489], [0.48630098109428116, 0.8130201643645744, -0.32017115442110106]], "fy": 6045.922308261582, "fx": 6045.922308261582}, {"id": 2, "img_name": "0002", "width": 5760, "height": 3240, "position": [-0.8811370261260484, 0.5657142857142863, -3.8605135523824448], "rotation": [[-0.9749279121818224, -0.03147081780239372, 0.2202842565315121], [-7.157943956015277e-18, -0.9899484628927275, -0.14142857142857157], [0.222520933956319, -0.1378826618657151, 0.9651283880956112]], "fy": 6045.922308261582, "fx": 6045.922308261582}, {"id": 3, "img_name": "0003", "width": 5760, "height": 3240, "position": [-1.3215733048151097, -0.9239999999999995, 2.2890321098665405], "rotation": [[0.8660254037844443, 0.16499999999999676, 0.47199046600539646], [-3.3998106955809025e-17, -0.9439809320108115, 0.3299999999999999], [0.4999999999999904, -0.2857883832488666, -0.8175114678094787]], "fy": 6045.922308261582, "fx": 6045.922308261582}, {"id": 4, "img_name": "0004", "width": 5760, "height": 3240, "position": [1.3355148819837475, -0.84, 2.31317962986015], "rotation": [[0.8660254037844336, -0.15000000000000263, -0.47696960070848127], [-1.55484471244091e-17, -0.9539392014169458, 0.3], [-0.5000000000000088, -0.25980762113533, -0.8261355820929105]], "fy": 6045.922308261582, "fx": 6045.922308261582}, {"id": 5, "img_name": "0005", "width": 5760, "height": 3240, "position": [-0.8064273060853037, 1.7700000000000002, -0.4655910222502143], "rotation": [[-0.49999999999999967, -0.7664324823492287, 0.40321365304265183], [2.1272774718118183e-17, -0.4655910222502147, -0.8850000000000001], [0.8660254037844388, -0.44249999999999984, 0.23279551112510716]], "fy": 6045.922308261582, "fx": 6045.922308261582}, {"id": 6, "img_name": "0006", "width": 5760, "height": 3240, "position": [1.262060015685906e-15, 1.6379999999999997, 2.27089321633581], "rotation": [[1.0, 3.251166122058104e-16, -4.507357198878237e-16], [4.371649753907553e-33, -0.8110332915485038, -0.585], [-5.55754892659505e-16, 0.585, -0.8110332915485037]], "fy": 6045.922308261582, "fx": 6045.922308261582}, {"id": 7, "img_name": "0007", "width": 5760, "height": 3240, "position": [1.3355148819837162, 0.8399999999999999, -2.3131796298601666], "rotation": [[-0.8660254037844402, 0.14999999999999913, -0.47696960070847016], [2.1665407435374435e-17, -0.9539392014169455, -0.3], [-0.49999999999999734, -0.259807621135332, 0.8261355820929167]], "fy": 6045.922308261582, "fx": 6045.922308261582}, {"id": 8, "img_name": "0008", "width": 5760, "height": 3240, "position": [5.479187385172958e-15, 0.45, 1.9487175269905077], "rotation": [[1.0, 6.326299961841114e-16, -2.7395936925864794e-15], [-6.766803953422803e-33, -0.974358763495254, -0.22500000000000003], [-2.8116888719293837e-15, 0.22500000000000003, -0.9743587634952539]], "fy": 6045.922308261582, "fx": 6045.922308261582}, {"id": 9, "img_name": "0009", "width": 5760, "height": 3240, "position": [1.9257206443303245, -0.5399999999999998, -1.6991637284356586e-14], "rotation": [[-8.82352138373917e-15, -0.2699999999999999, -0.9628603221651623], [-3.797814326723025e-31, -0.9628603221651623, 0.2699999999999999], [-1.0, 2.3823507736095743e-15, 8.495818642178293e-15]], "fy": 6045.922308261582, "fx": 6045.922308261582}, {"id": 10, "img_name": "0010", "width": 5760, "height": 3240, "position": [-1.6326103425066387, -3.543157894736842, 0.8835245341835992], "rotation": [[0.47594739303708183, 0.7790285912002705, 0.4081525856266597], [0.0, -0.46408728522795084, 0.8857894736842105], [0.8794737512064849, -0.42158919077968865, -0.2208811335458998]], "fy": 6045.922308261582, "fx": 6045.922308261582}, {"id": 11, "img_name": "0011", "width": 5760, "height": 3240, "position": [-3.841655302255621, 0.7443609022556392, 0.8292233630599459], "rotation": [[0.2109912974972484, -0.1819009511963376, 0.9604138255639052], [-0.0, -0.9825326599912968, -0.1860902255639098], [0.9774879397621372, 0.039263418143284955, -0.20730584076498648]], "fy": 6045.922308261582, "fx": 6045.922308261582}, {"id": 12, "img_name": "0012", "width": 5760, "height": 3240, "position": [-2.2759905535831977, -0.9659999999999995, 1.3140437587843299], "rotation": [[0.5000000000000073, 0.2987787643056297, 0.8128537691368561], [-2.256122425372699e-17, -0.9386026848459363, 0.34499999999999986], [0.8660254037844347, -0.17250000000000246, -0.46930134242297494]], "fy": 6045.922308261582, "fx": 6045.922308261582}, {"id": 13, "img_name": "0013", "width": 5760, "height": 3240, "position": [-1.3770647074695364, 3.662255639097745, 0.8316107414762103], "rotation": [[0.516949022216426, -0.7837375248733442, 0.3442661768673841], [-4.350617226885591e-17, -0.4021725091531595, -0.9155639097744362], [0.8560161846772997, 0.47329986793454293, -0.20790268536905257]], "fy": 6045.922308261582, "fx": 6045.922308261582}, {"id": 14, "img_name": "0014", "width": 5760, "height": 3240, "position": [-0.6902724099947727, -2.436000000000001, 1.1955868851739742], "rotation": [[0.866025403784441, 0.43499999999999656, 0.24652586071241883], [1.9171662127824936e-17, -0.4930517214248417, 0.8700000000000003], [0.49999999999999584, -0.7534421012924638, -0.42699531613356223]], "fy": 6045.922308261582, "fx": 6045.922308261582}, {"id": 15, "img_name": "0015", "width": 5760, "height": 3240, "position": [-0.8811370261259968, -0.5657142857142855, 3.8605135523824563], "rotation": [[0.9749279121818256, 0.031470817802391846, 0.22028425653149922], [-5.372705384148315e-18, -0.9899484628927274, 0.1414285714285714], [0.222520933956306, -0.13788266186571535, -0.9651283880956141]], "fy": 6045.922308261582, "fx": 6045.922308261582}, {"id": 16, "img_name": "0016", "width": 5760, "height": 3240, "position": [1.642003654076324, -2.268, -1.5637231413864395e-14], "rotation": [[-9.523262250388113e-15, -0.8100000000000002, -0.58642987645583], [-6.389773332290196e-31, -0.58642987645583, 0.81], [-1.0, 7.713842422814372e-15, 5.584725504951569e-15]], "fy": 6045.922308261582, "fx": 6045.922308261582}, {"id": 17, "img_name": "0017", "width": 5760, "height": 3240, "position": [-1.1081502576754297e-15, 1.71, -1.0372559954032565], "rotation": [[-1.0, -9.134374489145688e-16, 5.540751288377148e-16], [-6.699323829609346e-32, -0.5186279977016283, -0.855], [1.0683478934673319e-15, -0.8550000000000001, 0.5186279977016283]], "fy": 6045.922308261582, "fx": 6045.922308261582}, {"id": 18, "img_name": "0018", "width": 5760, "height": 3240, "position": [-1.2042441612895527, -1.4280000000000002, 2.085812072071696], "rotation": [[0.8660254037844407, 0.25499999999999823, 0.4300872004605546], [-3.5099335003585276e-17, -0.8601744009211155, 0.5100000000000002], [0.4999999999999963, -0.44167295593006484, -0.7449328828827485]], "fy": 6045.922308261582, "fx": 6045.922308261582}, {"id": 19, "img_name": "0019", "width": 5760, "height": 3240, "position": [-0.9208148565265548, -0.7800000000000002, -1.5948981158682143], "rotation": [[-0.8660254037844352, 0.19500000000000234, 0.4604074282632774], [2.0174543889501803e-17, -0.9208148565265442, 0.3900000000000001], [0.5000000000000058, 0.33774990747592987, 0.7974490579341071]], "fy": 6045.922308261582, "fx": 6045.922308261582}, {"id": 20, "img_name": "0020", "width": 5760, "height": 3240, "position": [-1.6833300330000651, -1.0799999999999998, 9.480841093445343e-15], "rotation": [[5.632193870234938e-15, 0.5399999999999999, 0.8416650165000326], [-0.0, -0.8416650165000326, 0.5399999999999999], [1.0, -3.0413846899268664e-15, -4.7404205467226716e-15]], "fy": 6045.922308261582, "fx": 6045.922308261582}, {"id": 21, "img_name": "0021", "width": 5760, "height": 3240, "position": [-3.6736460435447, 1.458947368421053, 0.6130231014616481], "rotation": [[0.16459459028073695, -0.35976230697794026, 0.918411510886175], [6.372760034166307e-18, -0.9311106464921773, -0.3647368421052633], [0.9863613034027219, 0.06003371108660568, -0.15325577536541202]], "fy": 6045.922308261582, "fx": 6045.922308261582}, {"id": 22, "img_name": "0022", "width": 5760, "height": 3240, "position": [2.3356151514995767, -3.2454135338345864, 0.11042127733780081], "rotation": [[0.047224424256493445, -0.8104481601305499, -0.5839037878748942], [-2.81180689888135e-18, -0.5845559743516495, 0.8113533834586466], [-0.9988843044885841, -0.038315696402392546, -0.027605319334450203]], "fy": 6045.922308261582, "fx": 6045.922308261582}, {"id": 23, "img_name": "0023", "width": 5760, "height": 3240, "position": [1.1199999999999846, -1.6799999999999995, -1.9398969044771517], "rotation": [[-0.8660254037844428, -0.2999999999999958, -0.39999999999999447], [-4.889417333016368e-17, -0.8000000000000002, 0.6], [-0.499999999999993, 0.5196152422706656, 0.6928203230275543]], "fy": 6045.922308261582, "fx": 6045.922308261582}, {"id": 24, "img_name": "0024", "width": 5760, "height": 3240, "position": [-6.772029352460958e-16, -0.37800000000000034, 2.774367675705583], "rotation": [[1.0, 3.295251637293254e-17, 2.418581911593199e-16], [5.7910019086833315e-33, -0.9908455984662797, 0.13500000000000012], [2.440927138735741e-16, -0.13500000000000012, -0.9908455984662796]], "fy": 6045.922308261582, "fx": 6045.922308261582}, {"id": 25, "img_name": "0025", "width": 5760, "height": 3240, "position": [0.34324866919625935, -2.3521804511278197, -3.2170526070344465], "rotation": [[-0.994356057899318, -0.06238831671367251, -0.08581216729906484], [-1.300055014237456e-18, -0.8088281308988071, 0.5880451127819549], [-0.10609443962304621, 0.5847262202128245, 0.8042631517586116]], "fy": 6045.922308261582, "fx": 6045.922308261582}, {"id": 26, "img_name": "0026", "width": 5760, "height": 3240, "position": [-1.6833300330000653, 1.0799999999999994, 4.063217611476577e-15], "rotation": [[2.4137973729578308e-15, -0.5399999999999999, 0.8416650165000327], [-0.0, -0.8416650165000327, -0.5399999999999999], [1.0, 1.3034505813972287e-15, -2.0316088057382887e-15]], "fy": 6045.922308261582, "fx": 6045.922308261582}, {"id": 27, "img_name": "0027", "width": 5760, "height": 3240, "position": [-2.424598317247611, 0.041999999999999954, 1.3998424911396465], "rotation": [[0.5000000000000068, -0.012990381056766507, 0.8659279704455753], [-7.510727894184453e-19, -0.999887493671163, -0.014999999999999984], [0.8660254037844348, 0.007500000000000092, -0.4999437468355881]], "fy": 6045.922308261582, "fx": 6045.922308261582}, {"id": 28, "img_name": "0028", "width": 5760, "height": 3240, "position": [2.7879580170521416, 1.8757894736842107, -2.1699548256980377], "rotation": [[-0.6142127126896699, 0.370065365195887, -0.6969895042630354], [-0.0, -0.8832261124145784, -0.46894736842105267], [-0.789140509396392, -0.2880334352665768, 0.5424887064245094]], "fy": 6045.922308261582, "fx": 6045.922308261582}, {"id": 29, "img_name": "0029", "width": 5760, "height": 3240, "position": [-1.7197363169974638, 1.9740000000000009, -0.9928902255536596], "rotation": [[-0.499999999999999, -0.6105479096680296, 0.6141915417848085], [-0.0, -0.7092073039669008, -0.7050000000000002], [0.866025403784439, -0.3524999999999995, 0.3546036519834497]], "fy": 6045.922308261582, "fx": 6045.922308261582}, {"id": 30, "img_name": "0030", "width": 5760, "height": 3240, "position": [2.771637649219094, -0.2679699248120303, -2.871622687754692], "rotation": [[-0.7195220924898895, -0.04652423839703287, -0.6929094123047737], [-3.611890276175382e-18, -0.9977534803057644, 0.0669924812030076], [-0.6944695518300069, 0.04820257025627763, 0.7179056719386733]], "fy": 6045.922308261582, "fx": 6045.922308261582}, {"id": 31, "img_name": "0031", "width": 5760, "height": 3240, "position": [2.906229170616823, -1.1612030075187967, 2.491071974709915], "rotation": [[0.6507941445367881, -0.2204120730078573, -0.7265572926542058], [-2.0166015875350437e-17, -0.9569354594005186, 0.29030075187969917], [-0.7592542271443935, -0.18892602947793516, -0.6227679936774787]], "fy": 6045.922308261582, "fx": 6045.922308261582}, {"id": 32, "img_name": "0032", "width": 5760, "height": 3240, "position": [2.3356151514995753, 3.2454135338345864, -0.1104212773378278], "rotation": [[-0.04722442425650499, 0.8104481601305494, -0.5839037878748938], [2.8118068988813497e-18, -0.5845559743516495, -0.8113533834586466], [-0.9988843044885839, -0.0383156964024019, 0.02760531933445695]], "fy": 6045.922308261582, "fx": 6045.922308261582}, {"id": 33, "img_name": "0033", "width": 5760, "height": 3240, "position": [1.2705337461083082, 1.1759999999999995, 2.2006290009903964], "rotation": [[0.8660254037844377, 0.2100000000000006, -0.4537620521815386], [2.7572755442492402e-17, -0.9075241043630743, -0.4199999999999999], [-0.5000000000000017, 0.3637306695894637, -0.7859389289251416]], "fy": 6045.922308261582, "fx": 6045.922308261582}, {"id": 34, "img_name": "0034", "width": 5760, "height": 3240, "position": [-2.017129891702577, -1.5539999999999996, -1.1645904859648968], "rotation": [[-0.4999999999999915, 0.4806440991003662, 0.7204035327509203], [-0.0, -0.8318503471177974, 0.5549999999999999], [0.8660254037844437, 0.27749999999999525, 0.41592517355889164]], "fy": 6045.922308261582, "fx": 6045.922308261582}, {"id": 35, "img_name": "0035", "width": 5760, "height": 3240, "position": [-3.841655302255631, -0.7443609022556392, -0.8292233630598949], "rotation": [[-0.21099129749723539, 0.18190095119633815, 0.9604138255639078], [6.6642096394336205e-18, -0.9825326599912968, 0.1860902255639098], [0.97748793976214, 0.03926341814328255, 0.20730584076497371]], "fy": 6045.922308261582, "fx": 6045.922308261582}, {"id": 36, "img_name": "0036", "width": 5760, "height": 3240, "position": [1.0506783523038745, -1.5899999999999999, -0.6066094295343719], "rotation": [[-0.5000000000000108, -0.6884901960086237, -0.5253391761519374], [-3.821888339187306e-17, -0.6066094295343589, 0.7950000000000002], [-0.8660254037844324, 0.39750000000000857, 0.30330471476718596]], "fy": 6045.922308261582, "fx": 6045.922308261582}, {"id": 37, "img_name": "0037", "width": 5760, "height": 3240, "position": [-4.032435659874481e-15, -2.6460000000000004, -0.915796920719872], "rotation": [[-1.0, 4.16102261578471e-15, 1.4401555928123145e-15], [6.637706190264836e-32, -0.3270703288285257, 0.9450000000000001], [4.403198535221914e-15, 0.9450000000000001, 0.3270703288285257]], "fy": 6045.922308261582, "fx": 6045.922308261582}, {"id": 38, "img_name": "0038", "width": 5760, "height": 3240, "position": [1.67479103174098, 0.51, 0.9669410530120143], "rotation": [[0.4999999999999954, 0.22083647796503258, -0.83739551587049], [-0.0, -0.966941053012023, -0.255], [-0.8660254037844412, 0.12749999999999884, -0.48347052650600714]], "fy": 6045.922308261582, "fx": 6045.922308261582}, {"id": 39, "img_name": "0039", "width": 5760, "height": 3240, "position": [-0.9783235661068377, 2.562, 0.5648353742463379], "rotation": [[0.5000000000000004, -0.7924132444627611, 0.3494012736095849], [-4.3987771451024e-17, -0.40345383874738383, -0.9149999999999997], [0.8660254037844385, 0.4575000000000003, -0.20172691937369208]], "fy": 6045.922308261582, "fx": 6045.922308261582}, {"id": 40, "img_name": "0040", "width": 5760, "height": 3240, "position": [-1.6056540723331374, 0.7500000000000002, 0.9270248108869639], "rotation": [[0.5000000000000032, -0.32475952641916384, 0.8028270361665687], [-0.0, -0.9270248108869579, -0.3750000000000001], [0.8660254037844364, 0.18750000000000128, -0.46351240544348193]], "fy": 6045.922308261582, "fx": 6045.922308261582}, {"id": 41, "img_name": "0041", "width": 5760, "height": 3240, "position": [0.5581206735553481, 1.6375939849624066, 3.606492375448072], "rotation": [[0.9882364104807531, 0.06261093442442485, -0.13953016838883703], [-1.437851870977323e-17, -0.9123556714768285, -0.40939849624060165], [-0.15293396287325073, 0.40458250038103016, -0.901623093862018]], "fy": 6045.922308261582, "fx": 6045.922308261582}, {"id": 42, "img_name": "0042", "width": 5760, "height": 3240, "position": [-9.419277190241152e-15, -1.1340000000000003, -2.560086717281272], "rotation": [[-1.0, 1.490108610890676e-15, 3.364027567943269e-15], [7.082427317370161e-32, -0.9143166847433114, 0.40500000000000014], [3.679280520717718e-15, 0.405, 0.9143166847433114]], "fy": 6045.922308261582, "fx": 6045.922308261582}, {"id": 43, "img_name": "0043", "width": 5760, "height": 3240, "position": [-2.8935034505969547e-15, -1.8900000000000001, -0.6541406576570514], "rotation": [[-1.0, 4.180080734635631e-15, 1.4467517252984773e-15], [-1.4326659169275745e-31, -0.3270703288285257, 0.9450000000000001], [4.423365856757282e-15, 0.9450000000000001, 0.3270703288285257]], "fy": 6045.922308261582, "fx": 6045.922308261582}, {"id": 44, "img_name": "0044", "width": 5760, "height": 3240, "position": [-1.3993698581861915, -0.08399999999999991, -2.4237796929589037], "rotation": [[-0.8660254037844355, 0.015000000000000147, 0.4997749493522113], [7.24055337526602e-19, -0.9995498987044118, 0.029999999999999968], [0.5000000000000053, 0.02598076211353304, 0.8656356046281798]], "fy": 6045.922308261582, "fx": 6045.922308261582}, {"id": 45, "img_name": "0045", "width": 5760, "height": 3240, "position": [2.1547366121466686e-15, 2.142, 1.8032847806156405], "rotation": [[1.0, 9.140949482917767e-16, -7.695487900523818e-16], [1.6898359033882096e-31, -0.6440302787913003, -0.765], [-1.1948953572441525e-15, 0.7650000000000001, -0.6440302787913003]], "fy": 6045.922308261582, "fx": 6045.922308261582}, {"id": 46, "img_name": "0046", "width": 5760, "height": 3240, "position": [-2.0638132182927813, 1.4700000000000002, -1.1915431171384414], "rotation": [[-0.49999999999999883, -0.4546633369868307, 0.7370761493902788], [-0.0, -0.8511022265274601, -0.525], [0.8660254037844392, -0.2624999999999994, 0.4255511132637291]], "fy": 6045.922308261582, "fx": 6045.922308261582}, {"id": 47, "img_name": "0047", "width": 5760, "height": 3240, "position": [0.7596209581100292, 2.3519999999999994, -1.3157020939407231], "rotation": [[-0.8660254037844388, 0.4199999999999994, -0.2712931993250104], [-1.5110446429937185e-17, -0.5425863986500216, -0.84], [-0.4999999999999992, -0.7274613391789287, 0.4698936049788296]], "fy": 6045.922308261582, "fx": 6045.922308261582}, {"id": 48, "img_name": "0048", "width": 5760, "height": 3240, "position": [-0.4930517214248376, -1.7400000000000002, 0.8539906322671248], "rotation": [[0.8660254037844409, 0.43499999999999633, 0.24652586071241883], [1.032470471109709e-17, -0.4930517214248419, 0.8700000000000001], [0.4999999999999957, -0.7534421012924638, -0.4269953161335625]], "fy": 6045.922308261582, "fx": 6045.922308261582}, {"id": 49, "img_name": "0049", "width": 5760, "height": 3240, "position": [3.340002834014934, -1.7566917293233077, -1.3260525015621736], "rotation": [[-0.36900287815553146, -0.4081797308921615, -0.8350007085037335], [-0.0, -0.8984025464723164, 0.43917293233082694], [-0.9294282521598609, 0.16205607603807956, 0.3315131253905434]], "fy": 6045.922308261582, "fx": 6045.922308261582}, {"id": 50, "img_name": "0050", "width": 5760, "height": 3240, "position": [0.876091319441074, 2.1839999999999997, 1.517434677341993], "rotation": [[0.8660254037844384, 0.3900000000000004, -0.3128897569432407], [4.7757759221431746e-17, -0.6257795138864808, -0.7799999999999998], [-0.5000000000000007, 0.6754998149518617, -0.541940956193569]], "fy": 6045.922308261582, "fx": 6045.922308261582}, {"id": 51, "img_name": "0051", "width": 5760, "height": 3240, "position": [-0.8216446920658573, 1.1399999999999997, 1.4231303524273533], "rotation": [[0.8660254037844393, -0.2849999999999993, 0.41082234603292866], [-8.033330711764842e-17, -0.821644692065859, -0.5699999999999998], [0.49999999999999906, 0.4936344801571303, -0.7115651762136767]], "fy": 6045.922308261582, "fx": 6045.922308261582}, {"id": 52, "img_name": "0052", "width": 5760, "height": 3240, "position": [3.6526203808735196, 1.0421052631578949, 1.2539461606169524], "rotation": [[0.32469946920468007, 0.24641028139042886, -0.9131550952183801], [-0.0, -0.9654667465952225, -0.2605263157894738], [-0.945817241700636, 0.084592756450693, -0.31348654015423816]], "fy": 6045.922308261582, "fx": 6045.922308261582}, {"id": 53, "img_name": "0053", "width": 5760, "height": 3240, "position": [-1.6988010477981186, 0.3900000000000002, 0.9808032422458716], "rotation": [[0.5000000000000037, -0.16887495373796524, 0.8494005238990593], [1.1787800234517577e-17, -0.9808032422458646, -0.1950000000000001], [0.8660254037844365, 0.09750000000000077, -0.4904016211229358]], "fy": 6045.922308261582, "fx": 6045.922308261582}, {"id": 54, "img_name": "0054", "width": 5760, "height": 3240, "position": [0.9539392014169399, 0.6, -1.6522711641858334], "rotation": [[-0.8660254037844405, 0.14999999999999916, -0.47696960070847005], [-7.755994886378687e-19, -0.9539392014169459, -0.3000000000000001], [-0.4999999999999971, -0.2598076211353322, 0.8261355820929167]], "fy": 6045.922308261582, "fx": 6045.922308261582}, {"id": 55, "img_name": "0055", "width": 5760, "height": 3240, "position": [-1.1289982285194249, 2.4779999999999998, -0.6518274311503001], "rotation": [[-0.4999999999999998, -0.7664324823492282, 0.4032136530426518], [-2.127277471811818e-17, -0.46559102225021476, -0.885], [0.8660254037844388, -0.44249999999999984, 0.2327955111251072]], "fy": 6045.922308261582, "fx": 6045.922308261582}, {"id": 56, "img_name": "0056", "width": 5760, "height": 3240, "position": [0.39200000000000007, 2.688, 0.6789639165669996], "rotation": [[-0.9895329810632816, 0.034992561895570026, -0.14], [0.14430689307172856, 0.23994899585533727, -0.9599999999999999], [-8.281775314157582e-18, -0.9701546268507923, -0.2424871130596427]], "fy": 6045.922308261582, "fx": 6045.922308261582}, {"id": 57, "img_name": "0057", "width": 5760, "height": 3240, "position": [1.0070966538499813, -3.3645112781954882, 1.91463317340412], "rotation": [[0.8850334593407256, -0.3915680610828069, -0.2517741634624953], [2.8830620004086026e-17, -0.5408363811551141, 0.8411278195488721], [-0.46552741685897303, -0.7444262638830602, -0.47865829335103]], "fy": 6045.922308261582, "fx": 6045.922308261582}, {"id": 58, "img_name": "0058", "width": 5760, "height": 3240, "position": [-0.3675595189897866, -1.86, -0.6366317616958773], "rotation": [[-0.866025403784435, 0.465000000000006, 0.1837797594948933], [-3.4721245397512123e-17, -0.36755951898978195, 0.93], [0.5000000000000066, 0.8054036255195246, 0.31831588084793866]], "fy": 6045.922308261582, "fx": 6045.922308261582}, {"id": 59, "img_name": "0059", "width": 5760, "height": 3240, "position": [-0.49305172142484255, 1.7399999999999998, -0.8539906322671225], "rotation": [[-0.8660254037844384, -0.4350000000000004, 0.24652586071242127], [-2.841809128856062e-17, -0.49305172142484205, -0.8699999999999999], [0.5000000000000004, -0.7534421012924614, 0.4269953161335613]], "fy": 6045.922308261582, "fx": 6045.922308261582}, {"id": 60, "img_name": "0060", "width": 5760, "height": 3240, "position": [3.0837498257587095, 2.5308270676691724, -0.2922351205556618], "rotation": [[-0.09434347235666557, 0.6298847096747209, -0.7709374564396775], [-0.0, -0.7743914688948128, -0.6327067669172931], [-0.9955397075072832, -0.0596917533745369, 0.07305878013891545]], "fy": 6045.922308261582, "fx": 6045.922308261582}, {"id": 61, "img_name": "0061", "width": 5760, "height": 3240, "position": [-2.8, -0.0, 1.3667186511330299e-14], "rotation": [[4.881138039760821e-15, 0.0, 1.0], [-0.0, -1.0, -0.0], [1.0, 0.0, -4.881138039760821e-15]], "fy": 6045.922308261582, "fx": 6045.922308261582}, {"id": 62, "img_name": "0062", "width": 5760, "height": 3240, "position": [-0.8601744009211092, -1.0200000000000005, 1.4898657657654972], "rotation": [[0.8660254037844408, 0.2549999999999982, 0.4300872004605546], [-2.36254058850089e-17, -0.8601744009211156, 0.5100000000000002], [0.49999999999999617, -0.441672955930065, -0.7449328828827486]], "fy": 6045.922308261582, "fx": 6045.922308261582}, {"id": 63, "img_name": "0063", "width": 5760, "height": 3240, "position": [-2.6122664488906953, 1.008, 1.1574013802387822e-14], "rotation": [[4.430640606092367e-15, -0.36, 0.9329523031752481], [1.8399239960271352e-31, -0.9329523031752481, -0.36], [1.0, 1.5950306181932522e-15, -4.133576357995651e-15]], "fy": 6045.922308261582, "fx": 6045.922308261582}, {"id": 64, "img_name": "0064", "width": 5760, "height": 3240, "position": [2.4909793695811295, -2.5903759398496233, 1.75640948260062], "rotation": [[0.5762607321093252, -0.5292564878193746, -0.6227448423952823], [-0.0, -0.7619855842734241, 0.6475939849624058], [-0.8172659105999864, -0.37318298388403137, -0.43910237065015506]], "fy": 6045.922308261582, "fx": 6045.922308261582}, {"id": 65, "img_name": "0065", "width": 5760, "height": 3240, "position": [2.411466980906016, 0.294, -1.3922611105679952], "rotation": [[-0.5000000000000034, 0.09093266739736583, -0.8612382074664343], [-5.976040547600827e-18, -0.9944722218342753, -0.10499999999999998], [-0.8660254037844364, -0.052500000000000345, 0.49723611091714115]], "fy": 6045.922308261582, "fx": 6045.922308261582}, {"id": 66, "img_name": "0066", "width": 5760, "height": 3240, "position": [-0.8717797887081351, 1.7999999999999996, 4.925112256335243e-16], "rotation": [[5.649491213410238e-16, -0.8999999999999999, 0.4358898943540676], [-0.0, -0.43588989435406766, -0.8999999999999998], [1.0, 5.084542092069214e-16, -2.462556128167622e-16]], "fy": 6045.922308261582, "fx": 6045.922308261582}, {"id": 67, "img_name": "0067", "width": 5760, "height": 3240, "position": [1.8869336332084395e-14, -0.8819999999999997, 2.657456678856684], "rotation": [[1.0, -2.236665226529224e-15, -6.7390486900301415e-15], [5.430163979354446e-32, -0.9490916710202446, 0.31499999999999995], [-7.100524528664203e-15, -0.315, -0.9490916710202444]], "fy": 6045.922308261582, "fx": 6045.922308261582}, {"id": 68, "img_name": "0068", "width": 5760, "height": 3240, "position": [-2.754266508528178, 0.504, 3.078195160209527e-15], "rotation": [[1.1176097703974367e-15, -0.18, 0.983666610188635], [-0.0, -0.983666610188635, -0.18], [1.0, 2.0116975867153858e-16, -1.099355414360545e-15]], "fy": 6045.922308261582, "fx": 6045.922308261582}, {"id": 69, "img_name": "0069", "width": 5760, "height": 3240, "position": [-0.6678442306281009, 1.2803007518796992, -3.730256568703155], "rotation": [[-0.9843486124773536, -0.056407573427302314, 0.16696105765702524], [3.590096446382173e-18, -0.947392143753587, -0.3200751879699248], [0.17623225900472647, -0.3150655671666236, 0.9325641421757888]], "fy": 6045.922308261582, "fx": 6045.922308261582}, {"id": 70, "img_name": "0070", "width": 5760, "height": 3240, "position": [-2.754266508528178, -0.5040000000000003, 1.4159697736963823e-14], "rotation": [[5.141004943828208e-15, 0.18000000000000008, 0.983666610188635], [-0.0, -0.983666610188635, 0.18000000000000008], [1.0, -9.253808898890778e-16, -5.057034906058508e-15]], "fy": 6045.922308261582, "fx": 6045.922308261582}, {"id": 71, "img_name": "0071", "width": 5760, "height": 3240, "position": [3.5281514572979598, 1.8162406015037598, -0.5034057725290189], "rotation": [[-0.14125200327954496, 0.4495075944490902, -0.8820378643244899], [-0.0, -0.8909710319873362, -0.45406015037593994], [-0.9899736721597782, -0.06413690585001294, 0.12585144313225471]], "fy": 6045.922308261582, "fx": 6045.922308261582}, {"id": 72, "img_name": "0072", "width": 5760, "height": 3240, "position": [3.652620380873508, -1.0421052631578944, -1.2539461606169882], "rotation": [[-0.3246994692046894, -0.24641028139042792, -0.913155095218377], [1.267257264706524e-17, -0.9654667465952225, 0.2605263157894736], [-0.9458172417006325, 0.08459275645069537, 0.31348654015424704]], "fy": 6045.922308261582, "fx": 6045.922308261582}, {"id": 73, "img_name": "0073", "width": 5760, "height": 3240, "position": [-1.1744466782276735, -1.47, -0.6780671058235934], "rotation": [[-0.4999999999999914, 0.6365286717815661, 0.5872233391138367], [3.5334439362298194e-17, -0.6780671058236051, 0.735], [0.8660254037844437, 0.3674999999999936, 0.3390335529117967]], "fy": 6045.922308261582, "fx": 6045.922308261582}, {"id": 74, "img_name": "0074", "width": 5760, "height": 3240, "position": [1.2792983442926438, -1.220751879699248, 3.5879186995388905], "rotation": [[0.9419165039406926, -0.10249650602471483, -0.319824586073161], [-3.3116542830074462e-18, -0.9522921311305541, 0.3051879699248121], [-0.3358471372576267, -0.28746158567633623, -0.8969796748847229]], "fy": 6045.922308261582, "fx": 6045.922308261582}, {"id": 75, "img_name": "0075", "width": 5760, "height": 3240, "position": [0.5425863986500317, -1.6799999999999995, 0.9397872099576531], "rotation": [[0.8660254037844334, -0.42000000000000776, -0.27129319932501583], [4.915594946572589e-17, -0.5425863986500218, 0.8399999999999997], [-0.5000000000000093, -0.7274613391789237, -0.46989360497882654]], "fy": 6045.922308261582, "fx": 6045.922308261582}, {"id": 76, "img_name": "0076", "width": 5760, "height": 3240, "position": [-0.8064273060853023, -1.7700000000000002, 0.4655910222502162], "rotation": [[0.5000000000000016, 0.7664324823492276, 0.40321365304265117], [4.254554943623631e-17, -0.4655910222502147, 0.8850000000000001], [0.8660254037844377, -0.44250000000000156, -0.2327955111251081]], "fy": 6045.922308261582, "fx": 6045.922308261582}, {"id": 77, "img_name": "0077", "width": 5760, "height": 3240, "position": [3.776851677800732, 1.1016541353383458, -0.722322344930371], "rotation": [[-0.18784534575035264, 0.27051079243403997, -0.9442129194501834], [6.551793270763324e-18, -0.9613258476607945, -0.27541353383458644], [-0.9821986184473742, -0.05173515048748435, 0.1805805862325928]], "fy": 6045.922308261582, "fx": 6045.922308261582}, {"id": 78, "img_name": "0078", "width": 5760, "height": 3240, "position": [3.5281514572979638, -1.8162406015037598, 0.5034057725289969], "rotation": [[0.1412520032795387, -0.44950759444909066, -0.8820378643244909], [-0.0, -0.8909710319873362, 0.45406015037593994], [-0.9899736721597788, -0.06413690585001011, -0.12585144313224922]], "fy": 6045.922308261582, "fx": 6045.922308261582}, {"id": 79, "img_name": "0079", "width": 5760, "height": 3240, "position": [-9.357713287036962e-15, -0.6300000000000002, -2.728204537786711], "rotation": [[-1.0, 7.717476678971502e-16, 3.3420404596560575e-15], [1.2736824461190896e-31, -0.974358763495254, 0.2250000000000001], [3.429989635098445e-15, 0.2250000000000001, 0.9743587634952539]], "fy": 6045.922308261582, "fx": 6045.922308261582}, {"id": 80, "img_name": "0080", "width": 5760, "height": 3240, "position": [-1.3841603953299537, -0.4200000000000003, 2.397436130536125], "rotation": [[0.8660254037844406, 0.07499999999999954, 0.49434299833212636], [1.3402986282202311e-17, -0.9886859966642595, 0.15000000000000013], [0.49999999999999656, -0.1299038105676662, -0.8562271894771875]], "fy": 6045.922308261582, "fx": 6045.922308261582}, {"id": 81, "img_name": "0081", "width": 5760, "height": 3240, "position": [2.146764309373535, -1.3019999999999998, 1.2394349519034742], "rotation": [[0.4999999999999948, -0.40270181275976535, -0.7667015390619769], [-2.1280242542053762e-17, -0.8853106799310622, 0.46499999999999997], [-0.8660254037844418, -0.2324999999999975, -0.4426553399655265]], "fy": 6045.922308261582, "fx": 6045.922308261582}, {"id": 82, "img_name": "0082", "width": 5760, "height": 3240, "position": [-0.6614378277661467, 1.5000000000000004, 1.1456439237389604], "rotation": [[0.866025403784439, -0.3749999999999996, 0.33071891388307334], [-4.430613105394315e-17, -0.6614378277661476, -0.7500000000000002], [0.4999999999999994, 0.6495190528383294, -0.5728219618694802]], "fy": 6045.922308261582, "fx": 6045.922308261582}, {"id": 83, "img_name": "0083", "width": 5760, "height": 3240, "position": [0.5642694391866357, -3.96, -5.540751288377149e-15], "rotation": [[0.99, -1.954047888853252e-16, -0.14106735979665894], [0.14106735979665894, 1.3713359438733444e-15, 0.99], [5.171341832741594e-33, -1.0, 1.3851878220942872e-15]], "fy": 6045.922308261582, "fx": 6045.922308261582}, {"id": 84, "img_name": "0084", "width": 5760, "height": 3240, "position": [-1.3215733048151483, 0.924, -2.2890321098665183], "rotation": [[-0.8660254037844358, -0.16500000000000162, 0.4719904660054102], [-1.9113883670459453e-18, -0.9439809320108115, -0.33], [0.5000000000000049, -0.28578838324886385, 0.8175114678094709]], "fy": 6045.922308261582, "fx": 6045.922308261582}, {"id": 85, "img_name": "0085", "width": 5760, "height": 3240, "position": [-3.756595259581501, -0.6848120300751876, 1.1912281641877398], "rotation": [[0.30226982102091615, 0.16319454274146372, 0.9391488148953753], [-6.516653986539219e-18, -0.9852357739224247, 0.17120300751879694], [0.9532224059997664, -0.05174950244094931, -0.297807041046935]], "fy": 6045.922308261582, "fx": 6045.922308261582}, {"id": 86, "img_name": "0086", "width": 5760, "height": 3240, "position": [-1.6442253495187429, -2.0580000000000003, -0.9492939481530306], "rotation": [[-0.4999999999999912, 0.636528671781566, 0.5872233391138367], [-7.06688787245964e-17, -0.678067105823605, 0.7350000000000001], [0.8660254037844437, 0.36749999999999355, 0.33903355291179654]], "fy": 6045.922308261582, "fx": 6045.922308261582}, {"id": 87, "img_name": "0087", "width": 5760, "height": 3240, "position": [-1.1503025688922002, 1.5959999999999996, 1.9923824933982948], "rotation": [[0.8660254037844393, -0.2849999999999993, 0.41082234603292855], [1.0321463905028072e-17, -0.821644692065859, -0.5699999999999998], [0.499999999999999, 0.4936344801571303, -0.7115651762136767]], "fy": 6045.922308261582, "fx": 6045.922308261582}, {"id": 88, "img_name": "0088", "width": 5760, "height": 3240, "position": [-0.9439809320107928, -0.6599999999999997, 1.6350229356189576], "rotation": [[0.8660254037844443, 0.1649999999999967, 0.4719904660053964], [2.6230633538067436e-17, -0.9439809320108113, 0.32999999999999985], [0.4999999999999902, -0.28578838324886646, -0.8175114678094788]], "fy": 6045.922308261582, "fx": 6045.922308261582}, {"id": 89, "img_name": "0089", "width": 5760, "height": 3240, "position": [1.788431388081735e-14, -1.3860000000000003, 2.432900326770499], "rotation": [[1.0, -3.638757935782746e-15, -6.387254957434768e-15], [-5.987866443339355e-31, -0.8688929738466067, 0.49500000000000005], [-7.351026132894438e-15, -0.49500000000000005, -0.8688929738466065]], "fy": 6045.922308261582, "fx": 6045.922308261582}, {"id": 90, "img_name": "0090", "width": 5760, "height": 3240, "position": [1.8696187835807014, 2.41172932330827, 2.5861336537729933], "rotation": [[0.8104031435149349, 0.35324155366583154, -0.46740469589517536], [-3.397424515467987e-17, -0.7977923316524418, -0.6029323308270675], [-0.5858726354602269, 0.4886182562290423, -0.6465334134432483]], "fy": 6045.922308261582, "fx": 6045.922308261582}, {"id": 91, "img_name": "0091", "width": 5760, "height": 3240, "position": [-1.3166691502685322, -2.2926315789473684, -3.0017033151103454], "rotation": [[-0.9157733266550543, 0.23023490391952178, 0.32916728756713304], [4.036762967169322e-17, -0.8194449509886744, 0.5731578947368421], [0.40169542465297653, 0.5248827119617654, 0.7504258287775863]], "fy": 6045.922308261582, "fx": 6045.922308261582}, {"id": 92, "img_name": "0092", "width": 5760, "height": 3240, "position": [0.9075241043630775, 0.8399999999999999, 1.5718778578502832], "rotation": [[0.8660254037844376, 0.21000000000000077, -0.45376205218153876], [-3.0110885371764864e-18, -0.9075241043630743, -0.41999999999999993], [-0.5000000000000017, 0.36373066958946376, -0.7859389289251416]], "fy": 6045.922308261582, "fx": 6045.922308261582}, {"id": 93, "img_name": "0093", "width": 5760, "height": 3240, "position": [1.559591292614827, -0.87, -0.9004304526169765], "rotation": [[-0.5000000000000043, -0.37672105064622985, -0.7797956463074135], [-2.1643677025823632e-17, -0.9004304526169693, 0.43500000000000005], [-0.866025403784436, 0.21750000000000194, 0.45021522630848837]], "fy": 6045.922308261582, "fx": 6045.922308261582}, {"id": 94, "img_name": "0094", "width": 5760, "height": 3240, "position": [3.3400028340149555, 1.756691729323308, 1.3260525015621172], "rotation": [[0.3690028781555157, 0.40817973089216414, -0.8350007085037389], [-2.3175925303979247e-17, -0.8984025464723164, -0.439172932330827], [-0.9294282521598674, 0.16205607603807273, -0.3315131253905293]], "fy": 6045.922308261582, "fx": 6045.922308261582}, {"id": 95, "img_name": "0095", "width": 5760, "height": 3240, "position": [-0.9886859966642634, 0.3, -1.7124543789543687], "rotation": [[-0.8660254037844375, -0.0750000000000003, 0.4943429983321317], [6.233779706736967e-18, -0.9886859966642594, -0.15], [0.5000000000000019, -0.1299038105676656, 0.8562271894771843]], "fy": 6045.922308261582, "fx": 6045.922308261582}, {"id": 96, "img_name": "0096", "width": 5760, "height": 3240, "position": [-0.2429959837887826, 2.7094736842105265, -2.9325254144564807], "rotation": [[-0.9965844930066697, -0.05593664085415458, 0.06074899594719565], [1.1707282342312188e-18, -0.7356439506722425, -0.6773684210526316], [0.08257934547233385, -0.6750548644734653, 0.7331313536141203]], "fy": 6045.922308261582, "fx": 6045.922308261582}, {"id": 97, "img_name": "0097", "width": 5760, "height": 3240, "position": [1.1389322092775249e-14, -2.3939999999999997, 1.4521583935645594], "rotation": [[1.0, -6.705790795602982e-15, -4.067615033134019e-15], [4.352627165038187e-31, -0.5186279977016283, 0.8549999999999998], [-7.843030170295887e-15, -0.8549999999999998, -0.5186279977016285]], "fy": 6045.922308261582, "fx": 6045.922308261582}, {"id": 98, "img_name": "0098", "width": 5760, "height": 3240, "position": [1.6747910317409709, -0.51, -0.9669410530120306], "rotation": [[-0.5000000000000042, -0.22083647796503134, -0.8373955158704853], [-0.0, -0.9669410530120233, 0.25500000000000006], [-0.8660254037844364, 0.12750000000000108, 0.4834705265060154]], "fy": 6045.922308261582, "fx": 6045.922308261582}, {"id": 99, "img_name": "0099", "width": 5760, "height": 3240, "position": [-1.0133331140350557, -1.9320000000000004, 1.7551444385007222], "rotation": [[0.8660254037844409, 0.34499999999999725, 0.3619046835839485], [2.803305592585838e-17, -0.7238093671679027, 0.6900000000000002], [0.499999999999996, -0.5975575286112644, -0.6268372994645436]], "fy": 6045.922308261582, "fx": 6045.922308261582}, {"id": 100, "img_name": "0100", "width": 5760, "height": 3240, "position": [1.869618783580672, -2.4117293233082706, -2.586133653773014], "rotation": [[-0.8104031435149415, -0.3532415536658259, -0.467404695895168], [4.207232368772422e-17, -0.7977923316524415, 0.6029323308270677], [-0.5858726354602176, 0.48861825622904625, 0.6465334134432535]], "fy": 6045.922308261582, "fx": 6045.922308261582}, {"id": 101, "img_name": "0101", "width": 5760, "height": 3240, "position": [0.5660494874768662, -3.8409022556390977, -0.9628384289971337], "rotation": [[0.9893141914351746, -0.03509528790187677, -0.14151237186921656], [0.145799281976857, 0.2381374304665032, 0.9602255639097744], [-8.494634312960366e-18, -0.9705971795641568, 0.24070960724928342]], "fy": 6045.922308261582, "fx": 6045.922308261582}, {"id": 102, "img_name": "0102", "width": 5760, "height": 3240, "position": [0.9788385975225933, 1.65, -0.5651327277728668], "rotation": [[-0.5000000000000012, 0.7144709581221614, -0.4894192987612968], [7.932221081332195e-17, -0.5651327277728657, -0.8250000000000002], [-0.8660254037844378, -0.4125000000000011, 0.2825663638864334]], "fy": 6045.922308261582, "fx": 6045.922308261582}, {"id": 103, "img_name": "0103", "width": 5760, "height": 3240, "position": [1.6602183591323219, -0.5700000000000001, 0.9585275165585916], "rotation": [[0.4999999999999948, -0.246817